experiment:
  model: "resnet101"
  samples: 200
  scaling_method: "bilinear_interpolation"
  saving: True
  indices: "data/correct_indices/ImageNet/resnet101_test.npy"
  split: "test"
  logging: 300
  seed_images: 42
  number_seeds: 10
  query_budget: 30000
  abl_c: False
  abl_p: False
  norm: "inf"

parameters:
  c_1: 0.0009388753942
  c_1_ratio: 2.0044888657878
  c_c: 0.0122277771205
  c_c_ratio: 1.2980324950406
  c_m: 0.4529355800163
  c_mu: 0.0017323454686
  c_mu_ratio: 2.444352352247
  c_sigma: 0.0067417837654
  c_sigma_ratio: 1.6669929683214
  damp_sigma: 1.0003988422282
  damp_sigma_ratio: 0.5324549404718
  e_sigma: 0.2885413975749
  popsize: 21
  scaling_factor: 16
  stdev_init: 0.093620629686
  stdev_max: 3.4637540044365